434.62
434.06
433.49
432.92
432.36
431.79
431.22
430.65
430.08
429.51
428.94
428.37
427.8
427.22
426.65
426.07
425.5
424.92
424.35
423.77
423.19
422.61
422.03
421.64
421.25
420.85
420.45
420.05
419.65
419.25
418.84
418.43
418.02
417.61
417.2
416.79
416.37
415.95
415.53
415.11
414.68
414.26
413.83
413.4
412.97
412.53
412.1
411.66
411.22
410.78
410.33
409.89
409.44
408.99
408.54
408.08
407.63
407.17
406.71
406.25
405.78
405.32
404.85
404.38
403.91
403.43
402.96
402.48
402.0
401.52
401.03
400.54
400.05
399.56
399.07
398.57
398.08
397.58
397.07
396.57
396.06
395.55
395.04
394.53
394.01
393.5
392.98
392.45
391.93
391.4
390.87
390.34
389.81
389.27
388.73
388.19
387.65
387.11
386.56
386.01
385.46
384.9
384.34
383.79
383.22
382.66
382.09
381.52
380.95
380.38
379.8
379.22
378.64
378.06
377.47
376.88
376.29
375.7
375.1
374.5
373.9
373.3
372.69
372.08
371.47
370.86
370.24
369.62
369.0
368.38
367.75
367.12
366.49
365.86
365.22
364.58
363.94
363.29
362.64
361.99
361.34
360.68
360.02
359.36
358.7
358.03
357.36
356.69
356.01
355.34
354.66
353.97
353.29
352.6
351.9
351.21
350.51
349.81
349.11
348.4
347.69
346.98
346.27
345.55
344.83
344.11
343.38
342.65
341.92
341.18
340.45
339.71
338.96
338.21
337.46
336.71
335.96
335.2
334.44
333.67
332.9
332.13
331.36
330.58
329.8
329.02
328.23
327.44
326.65
325.85
325.05
324.25
323.45
322.64
321.83
321.01
320.19
319.37
318.55
317.72
316.89
316.06
315.22
314.38
313.54
312.69
311.84
310.99
310.13
309.27
308.41
307.54
306.67
305.8
304.92
304.04
303.16
302.27
301.38
300.49
299.59
298.69
297.78
296.88
295.97
295.05
294.13
293.21
292.29
291.36
290.43
289.49
288.56
287.61
286.67
285.72
284.77
283.81
282.85
281.89
280.92
279.95
278.98
278.0
277.02
276.03
275.04
274.05
273.05
272.06
271.05
270.04
269.03
268.02
267.0
265.98
264.95
263.92
262.89
261.85
260.81
259.77
258.72
257.67
256.61
255.55
254.49
253.42
252.35
251.28
250.2
249.11
248.03
246.94
245.84
244.74
243.64
242.53
241.42
240.31
239.19
238.07
236.94
235.81
234.68
233.54
232.4
231.25
230.1
228.95
227.79
226.63
225.46
224.29
223.12
221.94
220.75
219.57
218.38
217.18
215.98
214.78
213.57
212.36
211.14
209.92
208.7
207.47
206.24
205.0
203.76
202.51
201.26
200.01
198.75
197.49
196.22
194.95
193.67
192.39
191.11
189.82
188.52
187.23
185.93
184.62
183.31
181.99
180.67
179.35
178.02
176.69
175.35
174.01
172.67
171.31
169.96
168.6
167.24
165.87
164.5
163.12
161.74
160.35
158.96
157.56
156.16
154.76
153.35
151.93
150.52
149.09
147.66
146.23
144.79
143.35
141.91
140.46
139
