327.6
327.55
327.51
327.46
327.42
327.37
327.33
327.28
327.24
327.19
327.15
327.1
327.06
327.02
326.97
326.93
326.88
326.84
326.79
326.75
326.7
326.66
326.61
326.57
326.52
326.48
326.43
326.39
326.35
326.3
326.26
326.22
326.17
326.13
326.08
326.04
326.0
325.95
325.91
325.87
325.82
325.78
325.74
325.69
325.65
325.61
325.56
325.52
325.48
325.43
325.39
325.35
325.31
325.26
325.22
325.18
325.13
325.09
325.05
325.01
324.96
324.92
324.88
324.84
324.79
324.75
324.71
324.67
324.62
324.58
324.54
324.5
324.45
324.41
324.37
324.33
324.29
324.24
324.2
324.16
324.12
324.08
324.03
323.99
323.95
323.91
323.87
323.82
323.78
323.74
323.7
323.66
323.62
323.58
323.53
323.49
323.45
323.41
323.37
323.33
323.29
323.25
323.2
323.16
323.12
323.08
323.04
323.0
322.96
322.92
322.88
322.84
322.8
322.75
322.71
322.67
322.63
322.59
322.55
322.51
322.47
322.43
322.39
322.35
322.31
322.27
322.23
322.19
322.15
322.11
322.07
322.03
321.99
321.95
321.91
321.87
321.83
321.79
321.75
321.71
321.67
321.63
321.59
321.55
321.51
321.47
321.43
321.39
321.35
321.31
321.27
321.24
321.2
321.16
321.12
321.08
321.04
321.0
320.96
320.92
320.88
320.84
320.81
320.77
320.73
320.69
320.65
320.61
320.57
320.54
320.5
320.46
320.42
320.38
320.34
320.3
320.27
320.23
320.19
320.15
320.11
320.08
320.04
320.0
319.96
319.92
319.89
319.85
319.81
319.77
319.73
319.7
319.66
319.62
319.58
319.55
319.51
319.47
319.43
319.4
319.36
319.32
319.28
319.25
319.21
319.17
319.13
319.1
319.06
319.02
318.99
318.95
318.91
318.88
318.84
318.8
318.77
318.73
318.69
318.66
318.62
318.58
318.55
318.51
318.47
318.44
318.4
318.36
318.33
318.29
318.26
318.22
318.18
318.15
318.11
318.07
318.04
318.0
317.97
317.93
317.9
317.86
317.82
317.79
317.75
317.72
317.68
317.65
317.61
317.58
317.54
317.5
317.47
317.43
317.4
317.36
317.33
317.29
317.26
317.22
317.19
317.15
317.12
317.08
317.05
317.01
316.98
316.94
316.91
316.88
316.84
316.81
316.77
316.74
316.7
316.67
316.63
316.6
316.57
316.53
316.5
316.46
316.43
316.39
316.36
316.33
316.29
316.26
316.22
316.19
316.16
316.12
316.09
316.06
316.02
315.99
315.96
315.92
315.89
315.86
315.82
315.79
315.76
315.72
315.69
315.66
315.62
315.59
315.56
315.52
315.49
315.46
315.42
315.39
315.36
315.33
315.29
315.26
315.23
315.2
315.16
315.13
315.1
315.07
315.03
315.0
314.97
314.94
314.9
314.87
314.84
314.81
314.78
314.74
314.71
314.68
314.65
314.62
314.58
314.55
314.52
314.49
314.46
314.43
314.4
314.36
314.33
314.3
314.27
314.24
314.21
314.18
314.14
314.11
314.08
314.05
314.02
313.99
313.96
