151
147.6894377
141.5010931
139.129368
139.5251098
139.9208516
142.1071429
142.702381
144.2247191
145.3924051
146.440678
148.2916667
150.4342105
151.2415254
151.6652542
152.1418919
152.8175676
153.3989071
153.9453552
154.5769231
155.2615385
156.0186916
156.4859813
156.953271
157.6206897
158.3191489
159.0203046
159.5279188
159.9910256
159.8628205
159.7346154
159.6064103
159.4782051
159.35
159.2217949
159.0935897
158.8615385
158.3487179
157.6862745
156.765625
155.9714286
154.7837838
154.1081081
152.7301587
151.8888889
150.5862069
149.662069
148.9615385
148
146.9247312
145.8870968
145.0806452
144.1666667
142.8943089
142.0813008
140.9869281
140.3333333
137.8695652
133.4166667
129.5625
126.6666667
123.6585366
120.9655172
117.6086957
115.1509434
110.4375
108.6851852
111.3823529
114.2285714
117.5
121.2021277
122.1116071
122.5580357
123.0026882
123.2715054
123.5403226
123.8091398
124.2283465
125.02
126.015873
126.8095238
128.3174603
129.245614
130.5135135
130.8820513
130.625641
130.3692308
130.1128205
130.8235294
130.3108808
130.8290155
129.7857143
132.1666667
133.5
133.6982759
133.092233
133.5776699
134.2363636
136.3018868
137.875
139.3
140.3854167
140.2264151
140.988764
140.0282353
140.1458824
140.2635294
140.3811765
140.4988235
140.6164706
140.7341176
140.8517647
140.9694118
140.909866
140.7880633
140.6662607
140.544458
140.4226553
140.3008526
140.1790499
140.0572473
139.8384146
139.5335366
139.2286585
137.90625
136.796875
135.5847458
134.6990291
133.7666667
132.8644068
131.6898734
131.056962
131.1068075
131.2241784
131.3415493
131.4589202
131.5762911
131.693662
131.8110329
131.9284038
131.9071429
131.6690476
131.4309524
131.1928571
130.9379085
130.6111111
130.2843137
129.9797823
129.8242613
129.6687403
129.5132193
129.3576983
129.2021773
129.0466563
128.8108108
128.5405405
128.2702703
128
128.1960784
128.3921569
128.5882353
128.7843137
128.9803922
130.2
132.6
135.5
137.5
139.0833333
139.9166667
140.056962
140.1202532
140.1835443
140.2468354
140.3101266
140.3734177
140.4367089
140.5
140.4444444
140.3888889
140.3333333
140.2777778
140.2222222
140.1666667
140.1111111
140.0555556
140
139.8913043
139.7826087
139.673913
139.5652174
139.4565217
139.3478261
139.2391304
139.1304348
139.0217391
138.2
137.5555556
137
136.5833333
136.1666667
135
133.5555556
131.6666667
134.0273973
134.1643836
134.3013699
134.4383562
134.5753425
134.7123288
134.8493151
134.9863014
135.5
135.952381
135.4761905
135
133.25
132
130
128.125
126.375
125.3
124.5333333
123.9565217
123.7391304
123.5217391
123.3043478
123.0869565
122.4
121.8181818
121.5151515
121.2121212
121.2
121.8666667
122.5333333
122.9552239
122.8059701
122.6567164
122.5074627
122.358209
122.2089552
122.0597015
121
118
111
102.1428571
99.5
99.83333333
106
115
122
121.2666667
121.9333333
122.6
122.8666667
122.5333333
122.2
122.056338
122.1971831
122.3380282
122.4788732
122.6197183
122.7605634
122.9014085
123.1363636
123.5909091
124.0322581
124.3548387
124.6774194
125
124.7368421
124.4736842
124.2105263
123.8666667
123.2
122.2222222
121.4666667
120.90625
120.59375
120.28125
119.9473684
119.4210526
118.9166667
118.5
118.0833333
114.3333333
111.75
109
104
100
98.33333333
98.41176471
99
99.25
100.7777778
103
108
114
119.5
121.75
122.4705882
122.9473684
122.4210526
121.8
120.6666667
118
110
101
82
69
70
73.66666667
78
84
88.5
95
100
96
94
98
100
107
115
121
121.5
121.7
121.9
122
121.8
122
121.6
121.5
121.4
121
120.5
120.3
120.2
120
119.8
119.7
119.6
119.5
119.4
119.1
118.7
118.5
118
117.4
116.5
116
115
114
113
113
112
110
109
109
109
109